0.987354 306.877 44.4862 0
0.990981 255.098 61.1927 0
0.994609 226.908 82.6057 0
0.998236 189.852 76.6584 0
1.00186 175.656 71.0995 0
1.00549 165.466 67.9943 0
1.00912 157.381 65.9682 0
1.01275 150.642 64.542 0
1.01637 144.851 63.489 0
1.02 139.768 62.685 0
1.0353 123.276 60.7336 0
1.05422 109.062 59.6486 0
1.07315 98.4651 59.0349 0
1.09207 90.0544 58.5829 0
1.111 83.1258 58.1983 0
1.12992 77.2751 57.8574 0
1.14885 72.2439 57.5625 0
1.16777 67.8524 57.3256 0
1.1867 63.9662 57.1612 0
1.20562 60.4784 57.0822 0
1.22454 57.2999 57.0985 0
1.24347 54.3534 57.2148 0
1.26239 51.5701 57.4297 0
1.28132 48.8878 57.7346 0
1.30024 46.2514 58.113 0
1.31917 43.6131 58.5397 0
1.33809 40.9339 58.9814 0
1.35702 38.1862 59.3979 0
1.37594 35.3548 59.744 0
1.39487 32.4393 59.973 0
